 x_1         f_x1     grad_x1       x_1_step   
5.00000e-01  1.50000e+00  3.00000e+00  5.00000e-01  
4.99000e-01  -4.99000e-01  -1.00000e+00  1.00000e-03  
4.98600e-01  -4.98600e-01  -1.00000e+00  4.00219e-04  
4.98498e-01  1.49549e+00  3.00000e+00  1.02171e-04  
4.98045e-01  -4.98045e-01  -1.00000e+00  4.52155e-04  
4.97792e-01  -4.97792e-01  -1.00000e+00  2.53764e-04  
4.97690e-01  1.49307e+00  3.00000e+00  1.02171e-04  
4.97341e-01  -4.97341e-01  -1.00000e+00  3.48374e-04  
4.97127e-01  -4.97127e-01  -1.00000e+00  2.14449e-04  
4.97025e-01  1.49107e+00  3.00000e+00  1.02171e-04  
4.96719e-01  -4.96719e-01  -1.00000e+00  3.05528e-04  
4.96522e-01  -4.96522e-01  -1.00000e+00  1.96869e-04  
4.96420e-01  1.48926e+00  3.00000e+00  1.02171e-04  
4.96137e-01  -4.96137e-01  -1.00000e+00  2.83088e-04  
4.95950e-01  -4.95950e-01  -1.00000e+00  1.87318e-04  
4.95847e-01  1.48754e+00  3.00000e+00  1.02171e-04  
4.95577e-01  -4.95577e-01  -1.00000e+00  2.69900e-04  
4.95396e-01  -4.95396e-01  -1.00000e+00  1.81584e-04  
4.95294e-01  1.48588e+00  3.00000e+00  1.02171e-04  
4.95032e-01  -4.95032e-01  -1.00000e+00  2.61634e-04  
4.94854e-01  -4.94854e-01  -1.00000e+00  1.77937e-04  
4.94752e-01  1.48426e+00  3.00000e+00  1.02171e-04  
4.94496e-01  -4.94496e-01  -1.00000e+00  2.56253e-04  
4.94320e-01  -4.94320e-01  -1.00000e+00  1.75534e-04  
4.94218e-01  1.48265e+00  3.00000e+00  1.02171e-04  
4.93965e-01  -4.93965e-01  -1.00000e+00  2.52671e-04  
4.93791e-01  -4.93791e-01  -1.00000e+00  1.73917e-04  
4.93689e-01  1.48107e+00  3.00000e+00  1.02171e-04  
4.93439e-01  -4.93439e-01  -1.00000e+00  2.50260e-04  
4.93266e-01  -4.93266e-01  -1.00000e+00  1.72816e-04  
4.93164e-01  1.47949e+00  3.00000e+00  1.02171e-04  
4.92915e-01  -4.92915e-01  -1.00000e+00  2.48633e-04  
4.92743e-01  -4.92743e-01  -1.00000e+00  1.72063e-04  
4.92641e-01  1.47792e+00  3.00000e+00  1.02171e-04  
4.92394e-01  -4.92394e-01  -1.00000e+00  2.47540e-04  
4.92222e-01  -4.92222e-01  -1.00000e+00  1.71548e-04  
4.92120e-01  1.47636e+00  3.00000e+00  1.02171e-04  
4.91873e-01  -4.91873e-01  -1.00000e+00  2.46816e-04  
4.91702e-01  -4.91702e-01  -1.00000e+00  1.71199e-04  
4.91600e-01  1.47480e+00  3.00000e+00  1.02171e-04  
4.91353e-01  -4.91353e-01  -1.00000e+00  2.46348e-04  
4.91182e-01  -4.91182e-01  -1.00000e+00  1.70965e-04  
4.91080e-01  1.47324e+00  3.00000e+00  1.02171e-04  
4.90834e-01  -4.90834e-01  -1.00000e+00  2.46058e-04  
4.90663e-01  -4.90663e-01  -1.00000e+00  1.70813e-04  
4.90561e-01  1.47168e+00  3.00000e+00  1.02171e-04  
4.90315e-01  -4.90315e-01  -1.00000e+00  2.45892e-04  
4.90145e-01  -4.90145e-01  -1.00000e+00  1.70718e-04  
4.90042e-01  1.47013e+00  3.00000e+00  1.02171e-04  
4.89797e-01  -4.89797e-01  -1.00000e+00  2.45812e-04  
4.89626e-01  -4.89626e-01  -1.00000e+00  1.70662e-04  
4.89524e-01  1.46857e+00  3.00000e+00  1.02171e-04  
4.89278e-01  -4.89278e-01  -1.00000e+00  2.45790e-04  
4.89107e-01  -4.89107e-01  -1.00000e+00  1.70634e-04  
4.89005e-01  1.46702e+00  3.00000e+00  1.02171e-04  
4.88759e-01  -4.88759e-01  -1.00000e+00  2.45808e-04  
4.88589e-01  -4.88589e-01  -1.00000e+00  1.70626e-04  
4.88487e-01  1.46546e+00  3.00000e+00  1.02171e-04  
4.88241e-01  -4.88241e-01  -1.00000e+00  2.45852e-04  
4.88070e-01  -4.88070e-01  -1.00000e+00  1.70630e-04  
4.87968e-01  1.46390e+00  3.00000e+00  1.02171e-04  
4.87722e-01  -4.87722e-01  -1.00000e+00  2.45912e-04  
4.87551e-01  -4.87551e-01  -1.00000e+00  1.70642e-04  
4.87449e-01  1.46235e+00  3.00000e+00  1.02171e-04  
4.87203e-01  -4.87203e-01  -1.00000e+00  2.45983e-04  
4.87033e-01  -4.87033e-01  -1.00000e+00  1.70661e-04  
4.86930e-01  1.46079e+00  3.00000e+00  1.02171e-04  
4.86684e-01  -4.86684e-01  -1.00000e+00  2.46059e-04  
4.86514e-01  -4.86514e-01  -1.00000e+00  1.70683e-04  
4.86411e-01  1.45923e+00  3.00000e+00  1.02171e-04  
4.86165e-01  -4.86165e-01  -1.00000e+00  2.46137e-04  
4.85995e-01  -4.85995e-01  -1.00000e+00  1.70706e-04  
4.85892e-01  1.45768e+00  3.00000e+00  1.02171e-04  
4.85646e-01  -4.85646e-01  -1.00000e+00  2.46216e-04  
4.85475e-01  -4.85475e-01  -1.00000e+00  1.70731e-04  
4.85373e-01  1.45612e+00  3.00000e+00  1.02171e-04  
4.85127e-01  -4.85127e-01  -1.00000e+00  2.46293e-04  
4.84956e-01  -4.84956e-01  -1.00000e+00  1.70755e-04  
4.84854e-01  1.45456e+00  3.00000e+00  1.02171e-04  
4.84608e-01  -4.84608e-01  -1.00000e+00  2.46367e-04  
4.84437e-01  -4.84437e-01  -1.00000e+00  1.70780e-04  
4.84335e-01  1.45300e+00  3.00000e+00  1.02171e-04  
4.84088e-01  -4.84088e-01  -1.00000e+00  2.46439e-04  
4.83918e-01  -4.83918e-01  -1.00000e+00  1.70803e-04  
4.83815e-01  1.45145e+00  3.00000e+00  1.02171e-04  
4.83569e-01  -4.83569e-01  -1.00000e+00  2.46508e-04  
4.83398e-01  -4.83398e-01  -1.00000e+00  1.70826e-04  
4.83296e-01  1.44989e+00  3.00000e+00  1.02171e-04  
4.83049e-01  -4.83049e-01  -1.00000e+00  2.46574e-04  
4.82878e-01  -4.82878e-01  -1.00000e+00  1.70848e-04  
4.82776e-01  1.44833e+00  3.00000e+00  1.02171e-04  
4.82530e-01  -4.82530e-01  -1.00000e+00  2.46636e-04  
4.82359e-01  -4.82359e-01  -1.00000e+00  1.70869e-04  
4.82257e-01  1.44677e+00  3.00000e+00  1.02171e-04  
4.82010e-01  -4.82010e-01  -1.00000e+00  2.46695e-04  
4.81839e-01  -4.81839e-01  -1.00000e+00  1.70889e-04  
4.81737e-01  1.44521e+00  3.00000e+00  1.02171e-04  
4.81490e-01  -4.81490e-01  -1.00000e+00  2.46751e-04  
4.81319e-01  -4.81319e-01  -1.00000e+00  1.70908e-04  
4.81217e-01  1.44365e+00  3.00000e+00  1.02171e-04  
4.80970e-01  -4.80970e-01  -1.00000e+00  2.46805e-04  
4.80799e-01  -4.80799e-01  -1.00000e+00  1.70926e-04  
4.80697e-01  1.44209e+00  3.00000e+00  1.02171e-04  
4.80450e-01  -4.80450e-01  -1.00000e+00  2.46855e-04  
4.80279e-01  -4.80279e-01  -1.00000e+00  1.70944e-04  
4.80177e-01  1.44053e+00  3.00000e+00  1.02171e-04  
4.79930e-01  -4.79930e-01  -1.00000e+00  2.46903e-04  
4.79759e-01  -4.79759e-01  -1.00000e+00  1.70960e-04  
4.79657e-01  1.43897e+00  3.00000e+00  1.02171e-04  
4.79410e-01  -4.79410e-01  -1.00000e+00  2.46948e-04  
4.79239e-01  -4.79239e-01  -1.00000e+00  1.70975e-04  
4.79137e-01  1.43741e+00  3.00000e+00  1.02171e-04  
4.78890e-01  -4.78890e-01  -1.00000e+00  2.46991e-04  
4.78719e-01  -4.78719e-01  -1.00000e+00  1.70990e-04  
4.78617e-01  1.43585e+00  3.00000e+00  1.02171e-04  
4.78370e-01  -4.78370e-01  -1.00000e+00  2.47032e-04  
4.78199e-01  -4.78199e-01  -1.00000e+00  1.71004e-04  
4.78097e-01  1.43429e+00  3.00000e+00  1.02171e-04  
4.77850e-01  -4.77850e-01  -1.00000e+00  2.47071e-04  
4.77679e-01  -4.77679e-01  -1.00000e+00  1.71017e-04  
4.77576e-01  1.43273e+00  3.00000e+00  1.02171e-04  
4.77329e-01  -4.77329e-01  -1.00000e+00  2.47108e-04  
4.77158e-01  -4.77158e-01  -1.00000e+00  1.71030e-04  
4.77056e-01  1.43117e+00  3.00000e+00  1.02171e-04  
4.76809e-01  -4.76809e-01  -1.00000e+00  2.47144e-04  
4.76638e-01  -4.76638e-01  -1.00000e+00  1.71042e-04  
4.76536e-01  1.42961e+00  3.00000e+00  1.02171e-04  
4.76289e-01  -4.76289e-01  -1.00000e+00  2.47177e-04  
4.76117e-01  -4.76117e-01  -1.00000e+00  1.71054e-04  
4.76015e-01  1.42805e+00  3.00000e+00  1.02171e-04  
4.75768e-01  -4.75768e-01  -1.00000e+00  2.47210e-04  
4.75597e-01  -4.75597e-01  -1.00000e+00  1.71065e-04  
4.75495e-01  1.42648e+00  3.00000e+00  1.02171e-04  
4.75248e-01  -4.75248e-01  -1.00000e+00  2.47240e-04  
4.75077e-01  -4.75077e-01  -1.00000e+00  1.71075e-04  
4.74974e-01  1.42492e+00  3.00000e+00  1.02171e-04  
4.74727e-01  -4.74727e-01  -1.00000e+00  2.47270e-04  
4.74556e-01  -4.74556e-01  -1.00000e+00  1.71085e-04  
4.74454e-01  1.42336e+00  3.00000e+00  1.02171e-04  
4.74207e-01  -4.74207e-01  -1.00000e+00  2.47298e-04  
4.74035e-01  -4.74035e-01  -1.00000e+00  1.71095e-04  
4.73933e-01  1.42180e+00  3.00000e+00  1.02171e-04  
4.73686e-01  -4.73686e-01  -1.00000e+00  2.47325e-04  
4.73515e-01  -4.73515e-01  -1.00000e+00  1.71104e-04  
4.73413e-01  1.42024e+00  3.00000e+00  1.02171e-04  
4.73165e-01  -4.73165e-01  -1.00000e+00  2.47351e-04  
4.72994e-01  -4.72994e-01  -1.00000e+00  1.71113e-04  
4.72892e-01  1.41868e+00  3.00000e+00  1.02171e-04  
4.72645e-01  -4.72645e-01  -1.00000e+00  2.47376e-04  
4.72474e-01  -4.72474e-01  -1.00000e+00  1.71122e-04  
4.72371e-01  1.41711e+00  3.00000e+00  1.02171e-04  
4.72124e-01  -4.72124e-01  -1.00000e+00  2.47400e-04  
4.71953e-01  -4.71953e-01  -1.00000e+00  1.71130e-04  
4.71851e-01  1.41555e+00  3.00000e+00  1.02171e-04  
4.71603e-01  -4.71603e-01  -1.00000e+00  2.47423e-04  
4.71432e-01  -4.71432e-01  -1.00000e+00  1.71138e-04  
4.71330e-01  1.41399e+00  3.00000e+00  1.02171e-04  
4.71083e-01  -4.71083e-01  -1.00000e+00  2.47445e-04  
4.70911e-01  -4.70911e-01  -1.00000e+00  1.71145e-04  
4.70809e-01  1.41243e+00  3.00000e+00  1.02171e-04  
4.70562e-01  -4.70562e-01  -1.00000e+00  2.47466e-04  
4.70391e-01  -4.70391e-01  -1.00000e+00  1.71153e-04  
4.70288e-01  1.41087e+00  3.00000e+00  1.02171e-04  
4.70041e-01  -4.70041e-01  -1.00000e+00  2.47486e-04  
4.69870e-01  -4.69870e-01  -1.00000e+00  1.71160e-04  
4.69768e-01  1.40930e+00  3.00000e+00  1.02171e-04  
4.69520e-01  -4.69520e-01  -1.00000e+00  2.47506e-04  
4.69349e-01  -4.69349e-01  -1.00000e+00  1.71166e-04  
4.69247e-01  1.40774e+00  3.00000e+00  1.02171e-04  
4.68999e-01  -4.68999e-01  -1.00000e+00  2.47525e-04  
4.68828e-01  -4.68828e-01  -1.00000e+00  1.71173e-04  
4.68726e-01  1.40618e+00  3.00000e+00  1.02171e-04  
4.68478e-01  -4.68478e-01  -1.00000e+00  2.47544e-04  
4.68307e-01  -4.68307e-01  -1.00000e+00  1.71179e-04  
4.68205e-01  1.40461e+00  3.00000e+00  1.02171e-04  
4.67957e-01  -4.67957e-01  -1.00000e+00  2.47561e-04  
4.67786e-01  -4.67786e-01  -1.00000e+00  1.71185e-04  
4.67684e-01  1.40305e+00  3.00000e+00  1.02171e-04  
4.67436e-01  -4.67436e-01  -1.00000e+00  2.47578e-04  
4.67265e-01  -4.67265e-01  -1.00000e+00  1.71191e-04  
4.67163e-01  1.40149e+00  3.00000e+00  1.02171e-04  
4.66916e-01  -4.66916e-01  -1.00000e+00  2.47595e-04  
4.66744e-01  -4.66744e-01  -1.00000e+00  1.71197e-04  
4.66642e-01  1.39993e+00  3.00000e+00  1.02171e-04  
4.66395e-01  -4.66395e-01  -1.00000e+00  2.47611e-04  
4.66223e-01  -4.66223e-01  -1.00000e+00  1.71202e-04  
4.66121e-01  1.39836e+00  3.00000e+00  1.02171e-04  
4.65874e-01  -4.65874e-01  -1.00000e+00  2.47627e-04  
4.65702e-01  -4.65702e-01  -1.00000e+00  1.71208e-04  
4.65600e-01  1.39680e+00  3.00000e+00  1.02171e-04  
4.65353e-01  -4.65353e-01  -1.00000e+00  2.47642e-04  
4.65181e-01  -4.65181e-01  -1.00000e+00  1.71213e-04  
4.65079e-01  1.39524e+00  3.00000e+00  1.02171e-04  
4.64831e-01  -4.64831e-01  -1.00000e+00  2.47656e-04  
4.64660e-01  -4.64660e-01  -1.00000e+00  1.71218e-04  
4.64558e-01  1.39367e+00  3.00000e+00  1.02171e-04  
4.64310e-01  -4.64310e-01  -1.00000e+00  2.47670e-04  
4.64139e-01  -4.64139e-01  -1.00000e+00  1.71223e-04  
4.64037e-01  1.39211e+00  3.00000e+00  1.02171e-04  
4.63789e-01  -4.63789e-01  -1.00000e+00  2.47684e-04  
4.63618e-01  -4.63618e-01  -1.00000e+00  1.71227e-04  
4.63516e-01  1.39055e+00  3.00000e+00  1.02171e-04  
4.63268e-01  -4.63268e-01  -1.00000e+00  2.47697e-04  
4.63097e-01  -4.63097e-01  -1.00000e+00  1.71232e-04  
4.62995e-01  1.38898e+00  3.00000e+00  1.02171e-04  
4.62747e-01  -4.62747e-01  -1.00000e+00  2.47710e-04  
4.62576e-01  -4.62576e-01  -1.00000e+00  1.71236e-04  
4.62474e-01  1.38742e+00  3.00000e+00  1.02171e-04  
4.62226e-01  -4.62226e-01  -1.00000e+00  2.47723e-04  
4.62055e-01  -4.62055e-01  -1.00000e+00  1.71241e-04  
4.61953e-01  1.38586e+00  3.00000e+00  1.02171e-04  
4.61705e-01  -4.61705e-01  -1.00000e+00  2.47735e-04  
4.61534e-01  -4.61534e-01  -1.00000e+00  1.71245e-04  
4.61431e-01  1.38429e+00  3.00000e+00  1.02171e-04  
4.61184e-01  -4.61184e-01  -1.00000e+00  2.47747e-04  
4.61012e-01  -4.61012e-01  -1.00000e+00  1.71249e-04  
4.60910e-01  1.38273e+00  3.00000e+00  1.02171e-04  
4.60663e-01  -4.60663e-01  -1.00000e+00  2.47758e-04  
4.60491e-01  -4.60491e-01  -1.00000e+00  1.71253e-04  
4.60389e-01  1.38117e+00  3.00000e+00  1.02171e-04  
4.60141e-01  -4.60141e-01  -1.00000e+00  2.47770e-04  
4.59970e-01  -4.59970e-01  -1.00000e+00  1.71257e-04  
4.59868e-01  1.37960e+00  3.00000e+00  1.02171e-04  
4.59620e-01  -4.59620e-01  -1.00000e+00  2.47780e-04  
4.59449e-01  -4.59449e-01  -1.00000e+00  1.71261e-04  
4.59347e-01  1.37804e+00  3.00000e+00  1.02171e-04  
4.59099e-01  -4.59099e-01  -1.00000e+00  2.47791e-04  
4.58928e-01  -4.58928e-01  -1.00000e+00  1.71264e-04  
4.58825e-01  1.37648e+00  3.00000e+00  1.02171e-04  
4.58578e-01  -4.58578e-01  -1.00000e+00  2.47801e-04  
4.58406e-01  -4.58406e-01  -1.00000e+00  1.71268e-04  
4.58304e-01  1.37491e+00  3.00000e+00  1.02171e-04  
4.58056e-01  -4.58056e-01  -1.00000e+00  2.47811e-04  
4.57885e-01  -4.57885e-01  -1.00000e+00  1.71271e-04  
4.57783e-01  1.37335e+00  3.00000e+00  1.02171e-04  
4.57535e-01  -4.57535e-01  -1.00000e+00  2.47821e-04  
4.57364e-01  -4.57364e-01  -1.00000e+00  1.71275e-04  
4.57262e-01  1.37179e+00  3.00000e+00  1.02171e-04  
4.57014e-01  -4.57014e-01  -1.00000e+00  2.47831e-04  
4.56843e-01  -4.56843e-01  -1.00000e+00  1.71278e-04  
4.56740e-01  1.37022e+00  3.00000e+00  1.02171e-04  
4.56493e-01  -4.56493e-01  -1.00000e+00  2.47840e-04  
4.56321e-01  -4.56321e-01  -1.00000e+00  1.71281e-04  
4.56219e-01  1.36866e+00  3.00000e+00  1.02171e-04  
4.55971e-01  -4.55971e-01  -1.00000e+00  2.47849e-04  
4.55800e-01  -4.55800e-01  -1.00000e+00  1.71284e-04  
4.55698e-01  1.36709e+00  3.00000e+00  1.02171e-04  
4.55450e-01  -4.55450e-01  -1.00000e+00  2.47858e-04  
4.55279e-01  -4.55279e-01  -1.00000e+00  1.71287e-04  
4.55176e-01  1.36553e+00  3.00000e+00  1.02171e-04  
4.54929e-01  -4.54929e-01  -1.00000e+00  2.47867e-04  
4.54757e-01  -4.54757e-01  -1.00000e+00  1.71290e-04  
4.54655e-01  1.36397e+00  3.00000e+00  1.02171e-04  
4.54407e-01  -4.54407e-01  -1.00000e+00  2.47875e-04  
4.54236e-01  -4.54236e-01  -1.00000e+00  1.71293e-04  
4.54134e-01  1.36240e+00  3.00000e+00  1.02171e-04  
4.53886e-01  -4.53886e-01  -1.00000e+00  2.47884e-04  
4.53715e-01  -4.53715e-01  -1.00000e+00  1.71296e-04  
4.53612e-01  1.36084e+00  3.00000e+00  1.02171e-04  
4.53365e-01  -4.53365e-01  -1.00000e+00  2.47892e-04  
4.53193e-01  -4.53193e-01  -1.00000e+00  1.71299e-04  
4.53091e-01  1.35927e+00  3.00000e+00  1.02171e-04  
4.52843e-01  -4.52843e-01  -1.00000e+00  2.47899e-04  
4.52672e-01  -4.52672e-01  -1.00000e+00  1.71301e-04  
4.52570e-01  1.35771e+00  3.00000e+00  1.02171e-04  
4.52322e-01  -4.52322e-01  -1.00000e+00  2.47907e-04  
4.52151e-01  -4.52151e-01  -1.00000e+00  1.71304e-04  
4.52048e-01  1.35615e+00  3.00000e+00  1.02171e-04  
4.51800e-01  -4.51800e-01  -1.00000e+00  2.47915e-04  
4.51629e-01  -4.51629e-01  -1.00000e+00  1.71307e-04  
4.51527e-01  1.35458e+00  3.00000e+00  1.02171e-04  
4.51279e-01  -4.51279e-01  -1.00000e+00  2.47922e-04  
4.51108e-01  -4.51108e-01  -1.00000e+00  1.71309e-04  
4.51006e-01  1.35302e+00  3.00000e+00  1.02171e-04  
4.50758e-01  -4.50758e-01  -1.00000e+00  2.47929e-04  
4.50586e-01  -4.50586e-01  -1.00000e+00  1.71312e-04  
4.50484e-01  1.35145e+00  3.00000e+00  1.02171e-04  
4.50236e-01  -4.50236e-01  -1.00000e+00  2.47936e-04  
4.50065e-01  -4.50065e-01  -1.00000e+00  1.71314e-04  
4.49963e-01  1.34989e+00  3.00000e+00  1.02171e-04  
4.49715e-01  -4.49715e-01  -1.00000e+00  2.47943e-04  
4.49543e-01  -4.49543e-01  -1.00000e+00  1.71316e-04  
4.49441e-01  1.34832e+00  3.00000e+00  1.02171e-04  
4.49193e-01  -4.49193e-01  -1.00000e+00  2.47950e-04  
4.49022e-01  -4.49022e-01  -1.00000e+00  1.71319e-04  
4.48920e-01  1.34676e+00  3.00000e+00  1.02171e-04  
4.48672e-01  -4.48672e-01  -1.00000e+00  2.47957e-04  
4.48501e-01  -4.48501e-01  -1.00000e+00  1.71321e-04  
4.48398e-01  1.34520e+00  3.00000e+00  1.02171e-04  
4.48150e-01  -4.48150e-01  -1.00000e+00  2.47963e-04  
4.47979e-01  -4.47979e-01  -1.00000e+00  1.71323e-04  
4.47877e-01  1.34363e+00  3.00000e+00  1.02171e-04  
4.47629e-01  -4.47629e-01  -1.00000e+00  2.47969e-04  
4.47458e-01  -4.47458e-01  -1.00000e+00  1.71325e-04  
4.47355e-01  1.34207e+00  3.00000e+00  1.02171e-04  
4.47108e-01  -4.47108e-01  -1.00000e+00  2.47976e-04  
4.46936e-01  -4.46936e-01  -1.00000e+00  1.71328e-04  
4.46834e-01  1.34050e+00  3.00000e+00  1.02171e-04  
4.46586e-01  -4.46586e-01  -1.00000e+00  2.47982e-04  
4.46415e-01  -4.46415e-01  -1.00000e+00  1.71330e-04  
4.46313e-01  1.33894e+00  3.00000e+00  1.02171e-04  
4.46065e-01  -4.46065e-01  -1.00000e+00  2.47988e-04  
4.45893e-01  -4.45893e-01  -1.00000e+00  1.71332e-04  
4.45791e-01  1.33737e+00  3.00000e+00  1.02171e-04  
4.45543e-01  -4.45543e-01  -1.00000e+00  2.47993e-04  
4.45372e-01  -4.45372e-01  -1.00000e+00  1.71334e-04  
4.45270e-01  1.33581e+00  3.00000e+00  1.02171e-04  
4.45022e-01  -4.45022e-01  -1.00000e+00  2.47999e-04  
4.44850e-01  -4.44850e-01  -1.00000e+00  1.71336e-04  
4.44748e-01  1.33424e+00  3.00000e+00  1.02171e-04  
4.44500e-01  -4.44500e-01  -1.00000e+00  2.48005e-04  
4.44329e-01  -4.44329e-01  -1.00000e+00  1.71338e-04  
4.44227e-01  1.33268e+00  3.00000e+00  1.02171e-04  
4.43979e-01  -4.43979e-01  -1.00000e+00  2.48010e-04  
4.43807e-01  -4.43807e-01  -1.00000e+00  1.71340e-04  
4.43705e-01  1.33111e+00  3.00000e+00  1.02171e-04  
4.43457e-01  -4.43457e-01  -1.00000e+00  2.48016e-04  
4.43286e-01  -4.43286e-01  -1.00000e+00  1.71341e-04  
4.43183e-01  1.32955e+00  3.00000e+00  1.02171e-04  
4.42935e-01  -4.42935e-01  -1.00000e+00  2.48021e-04  
4.42764e-01  -4.42764e-01  -1.00000e+00  1.71343e-04  
4.42662e-01  1.32799e+00  3.00000e+00  1.02171e-04  
4.42414e-01  -4.42414e-01  -1.00000e+00  2.48026e-04  
4.42243e-01  -4.42243e-01  -1.00000e+00  1.71345e-04  
4.42140e-01  1.32642e+00  3.00000e+00  1.02171e-04  
4.41892e-01  -4.41892e-01  -1.00000e+00  2.48031e-04  
4.41721e-01  -4.41721e-01  -1.00000e+00  1.71347e-04  
4.41619e-01  1.32486e+00  3.00000e+00  1.02171e-04  
4.41371e-01  -4.41371e-01  -1.00000e+00  2.48036e-04  
4.41199e-01  -4.41199e-01  -1.00000e+00  1.71348e-04  
4.41097e-01  1.32329e+00  3.00000e+00  1.02171e-04  
4.40849e-01  -4.40849e-01  -1.00000e+00  2.48041e-04  
4.40678e-01  -4.40678e-01  -1.00000e+00  1.71350e-04  
4.40576e-01  1.32173e+00  3.00000e+00  1.02171e-04  
4.40328e-01  -4.40328e-01  -1.00000e+00  2.48046e-04  
4.40156e-01  -4.40156e-01  -1.00000e+00  1.71352e-04  
4.40054e-01  1.32016e+00  3.00000e+00  1.02171e-04  
4.39806e-01  -4.39806e-01  -1.00000e+00  2.48051e-04  
4.39635e-01  -4.39635e-01  -1.00000e+00  1.71353e-04  
4.39533e-01  1.31860e+00  3.00000e+00  1.02171e-04  
4.39285e-01  -4.39285e-01  -1.00000e+00  2.48055e-04  
4.39113e-01  -4.39113e-01  -1.00000e+00  1.71355e-04  
4.39011e-01  1.31703e+00  3.00000e+00  1.02171e-04  
4.38763e-01  -4.38763e-01  -1.00000e+00  2.48060e-04  
4.38592e-01  -4.38592e-01  -1.00000e+00  1.71357e-04  
4.38489e-01  1.31547e+00  3.00000e+00  1.02171e-04  
4.38241e-01  -4.38241e-01  -1.00000e+00  2.48065e-04  
4.38070e-01  -4.38070e-01  -1.00000e+00  1.71358e-04  
4.37968e-01  1.31390e+00  3.00000e+00  1.02171e-04  
4.37720e-01  -4.37720e-01  -1.00000e+00  2.48069e-04  
4.37548e-01  -4.37548e-01  -1.00000e+00  1.71360e-04  
4.37446e-01  1.31234e+00  3.00000e+00  1.02171e-04  
4.37198e-01  -4.37198e-01  -1.00000e+00  2.48073e-04  
4.37027e-01  -4.37027e-01  -1.00000e+00  1.71361e-04  
4.36925e-01  1.31077e+00  3.00000e+00  1.02171e-04  
4.36677e-01  -4.36677e-01  -1.00000e+00  2.48078e-04  
4.36505e-01  -4.36505e-01  -1.00000e+00  1.71363e-04  
4.36403e-01  1.30921e+00  3.00000e+00  1.02171e-04  
4.36155e-01  -4.36155e-01  -1.00000e+00  2.48082e-04  
4.35984e-01  -4.35984e-01  -1.00000e+00  1.71364e-04  
4.35881e-01  1.30764e+00  3.00000e+00  1.02171e-04  
4.35633e-01  -4.35633e-01  -1.00000e+00  2.48086e-04  
4.35462e-01  -4.35462e-01  -1.00000e+00  1.71366e-04  
4.35360e-01  1.30608e+00  3.00000e+00  1.02171e-04  
4.35112e-01  -4.35112e-01  -1.00000e+00  2.48090e-04  
4.34940e-01  -4.34940e-01  -1.00000e+00  1.71367e-04  
4.34838e-01  1.30451e+00  3.00000e+00  1.02171e-04  
4.34590e-01  -4.34590e-01  -1.00000e+00  2.48094e-04  
4.34419e-01  -4.34419e-01  -1.00000e+00  1.71368e-04  
4.34316e-01  1.30295e+00  3.00000e+00  1.02171e-04  
4.34068e-01  -4.34068e-01  -1.00000e+00  2.48098e-04  
4.33897e-01  -4.33897e-01  -1.00000e+00  1.71370e-04  
4.33795e-01  1.30138e+00  3.00000e+00  1.02171e-04  
4.33547e-01  -4.33547e-01  -1.00000e+00  2.48102e-04  
4.33375e-01  -4.33375e-01  -1.00000e+00  1.71371e-04  
4.33273e-01  1.29982e+00  3.00000e+00  1.02171e-04  
4.33025e-01  -4.33025e-01  -1.00000e+00  2.48106e-04  
4.32854e-01  -4.32854e-01  -1.00000e+00  1.71372e-04  
4.32752e-01  1.29825e+00  3.00000e+00  1.02171e-04  
4.32503e-01  -4.32503e-01  -1.00000e+00  2.48109e-04  
4.32332e-01  -4.32332e-01  -1.00000e+00  1.71374e-04  
4.32230e-01  1.29669e+00  3.00000e+00  1.02171e-04  
4.31982e-01  -4.31982e-01  -1.00000e+00  2.48113e-04  
4.31810e-01  -4.31810e-01  -1.00000e+00  1.71375e-04  
4.31708e-01  1.29512e+00  3.00000e+00  1.02171e-04  
4.31460e-01  -4.31460e-01  -1.00000e+00  2.48117e-04  
4.31289e-01  -4.31289e-01  -1.00000e+00  1.71376e-04  
4.31187e-01  1.29356e+00  3.00000e+00  1.02171e-04  
4.30938e-01  -4.30938e-01  -1.00000e+00  2.48120e-04  
4.30767e-01  -4.30767e-01  -1.00000e+00  1.71377e-04  
4.30665e-01  1.29199e+00  3.00000e+00  1.02171e-04  
4.30417e-01  -4.30417e-01  -1.00000e+00  2.48124e-04  
4.30245e-01  -4.30245e-01  -1.00000e+00  1.71379e-04  
4.30143e-01  1.29043e+00  3.00000e+00  1.02171e-04  
4.29895e-01  -4.29895e-01  -1.00000e+00  2.48127e-04  
4.29724e-01  -4.29724e-01  -1.00000e+00  1.71380e-04  
4.29622e-01  1.28886e+00  3.00000e+00  1.02171e-04  
4.29373e-01  -4.29373e-01  -1.00000e+00  2.48130e-04  
4.29202e-01  -4.29202e-01  -1.00000e+00  1.71381e-04  
4.29100e-01  1.28730e+00  3.00000e+00  1.02171e-04  
4.28852e-01  -4.28852e-01  -1.00000e+00  2.48134e-04  
4.28680e-01  -4.28680e-01  -1.00000e+00  1.71382e-04  
4.28578e-01  1.28573e+00  3.00000e+00  1.02171e-04  
4.28330e-01  -4.28330e-01  -1.00000e+00  2.48137e-04  
4.28159e-01  -4.28159e-01  -1.00000e+00  1.71383e-04  
4.28057e-01  1.28417e+00  3.00000e+00  1.02171e-04  
4.27808e-01  -4.27808e-01  -1.00000e+00  2.48140e-04  
4.27637e-01  -4.27637e-01  -1.00000e+00  1.71384e-04  
4.27535e-01  1.28260e+00  3.00000e+00  1.02171e-04  
4.27287e-01  -4.27287e-01  -1.00000e+00  2.48144e-04  
4.27115e-01  -4.27115e-01  -1.00000e+00  1.71385e-04  
4.27013e-01  1.28104e+00  3.00000e+00  1.02171e-04  
4.26765e-01  -4.26765e-01  -1.00000e+00  2.48147e-04  
4.26594e-01  -4.26594e-01  -1.00000e+00  1.71387e-04  
4.26491e-01  1.27947e+00  3.00000e+00  1.02171e-04  
4.26243e-01  -4.26243e-01  -1.00000e+00  2.48150e-04  
4.26072e-01  -4.26072e-01  -1.00000e+00  1.71388e-04  
4.25970e-01  1.27791e+00  3.00000e+00  1.02171e-04  
4.25722e-01  -4.25722e-01  -1.00000e+00  2.48153e-04  
4.25550e-01  -4.25550e-01  -1.00000e+00  1.71389e-04  
4.25448e-01  1.27634e+00  3.00000e+00  1.02171e-04  
4.25200e-01  -4.25200e-01  -1.00000e+00  2.48156e-04  
4.25028e-01  -4.25028e-01  -1.00000e+00  1.71390e-04  
4.24926e-01  1.27478e+00  3.00000e+00  1.02171e-04  
4.24678e-01  -4.24678e-01  -1.00000e+00  2.48159e-04  
4.24507e-01  -4.24507e-01  -1.00000e+00  1.71391e-04  
4.24405e-01  1.27321e+00  3.00000e+00  1.02171e-04  
4.24156e-01  -4.24156e-01  -1.00000e+00  2.48162e-04  
4.23985e-01  -4.23985e-01  -1.00000e+00  1.71392e-04  
4.23883e-01  1.27165e+00  3.00000e+00  1.02171e-04  
4.23635e-01  -4.23635e-01  -1.00000e+00  2.48165e-04  
4.23463e-01  -4.23463e-01  -1.00000e+00  1.71393e-04  
4.23361e-01  1.27008e+00  3.00000e+00  1.02171e-04  
4.23113e-01  -4.23113e-01  -1.00000e+00  2.48168e-04  
4.22942e-01  -4.22942e-01  -1.00000e+00  1.71394e-04  
4.22839e-01  1.26852e+00  3.00000e+00  1.02171e-04  
4.22591e-01  -4.22591e-01  -1.00000e+00  2.48170e-04  
4.22420e-01  -4.22420e-01  -1.00000e+00  1.71395e-04  
4.22318e-01  1.26695e+00  3.00000e+00  1.02171e-04  
4.22069e-01  -4.22069e-01  -1.00000e+00  2.48173e-04  
4.21898e-01  -4.21898e-01  -1.00000e+00  1.71396e-04  
4.21796e-01  1.26539e+00  3.00000e+00  1.02171e-04  
4.21548e-01  -4.21548e-01  -1.00000e+00  2.48176e-04  
4.21376e-01  -4.21376e-01  -1.00000e+00  1.71397e-04  
4.21274e-01  1.26382e+00  3.00000e+00  1.02171e-04  
4.21026e-01  -4.21026e-01  -1.00000e+00  2.48179e-04  
4.20855e-01  -4.20855e-01  -1.00000e+00  1.71397e-04  
4.20752e-01  1.26226e+00  3.00000e+00  1.02171e-04  
4.20504e-01  -4.20504e-01  -1.00000e+00  2.48181e-04  
4.20333e-01  -4.20333e-01  -1.00000e+00  1.71398e-04  
4.20231e-01  1.26069e+00  3.00000e+00  1.02171e-04  
4.19982e-01  -4.19982e-01  -1.00000e+00  2.48184e-04  
4.19811e-01  -4.19811e-01  -1.00000e+00  1.71399e-04  
4.19709e-01  1.25913e+00  3.00000e+00  1.02171e-04  
4.19461e-01  -4.19461e-01  -1.00000e+00  2.48187e-04  
4.19289e-01  -4.19289e-01  -1.00000e+00  1.71400e-04  
4.19187e-01  1.25756e+00  3.00000e+00  1.02171e-04  
4.18939e-01  -4.18939e-01  -1.00000e+00  2.48189e-04  
4.18768e-01  -4.18768e-01  -1.00000e+00  1.71401e-04  
4.18665e-01  1.25600e+00  3.00000e+00  1.02171e-04  
4.18417e-01  -4.18417e-01  -1.00000e+00  2.48192e-04  
4.18246e-01  -4.18246e-01  -1.00000e+00  1.71402e-04  
4.18144e-01  1.25443e+00  3.00000e+00  1.02171e-04  
4.17895e-01  -4.17895e-01  -1.00000e+00  2.48194e-04  
4.17724e-01  -4.17724e-01  -1.00000e+00  1.71403e-04  
4.17622e-01  1.25287e+00  3.00000e+00  1.02171e-04  
4.17374e-01  -4.17374e-01  -1.00000e+00  2.48197e-04  
4.17202e-01  -4.17202e-01  -1.00000e+00  1.71404e-04  
4.17100e-01  1.25130e+00  3.00000e+00  1.02171e-04  
4.16852e-01  -4.16852e-01  -1.00000e+00  2.48199e-04  
4.16680e-01  -4.16680e-01  -1.00000e+00  1.71404e-04  
4.16578e-01  1.24973e+00  3.00000e+00  1.02171e-04  
4.16330e-01  -4.16330e-01  -1.00000e+00  2.48201e-04  
4.16159e-01  -4.16159e-01  -1.00000e+00  1.71405e-04  
4.16057e-01  1.24817e+00  3.00000e+00  1.02171e-04  
4.15808e-01  -4.15808e-01  -1.00000e+00  2.48204e-04  
4.15637e-01  -4.15637e-01  -1.00000e+00  1.71406e-04  
4.15535e-01  1.24660e+00  3.00000e+00  1.02171e-04  
4.15287e-01  -4.15287e-01  -1.00000e+00  2.48206e-04  
4.15115e-01  -4.15115e-01  -1.00000e+00  1.71407e-04  
4.15013e-01  1.24504e+00  3.00000e+00  1.02171e-04  
4.14765e-01  -4.14765e-01  -1.00000e+00  2.48208e-04  
4.14593e-01  -4.14593e-01  -1.00000e+00  1.71408e-04  
4.14491e-01  1.24347e+00  3.00000e+00  1.02171e-04  
4.14243e-01  -4.14243e-01  -1.00000e+00  2.48211e-04  
4.14072e-01  -4.14072e-01  -1.00000e+00  1.71408e-04  
4.13969e-01  1.24191e+00  3.00000e+00  1.02171e-04  
4.13721e-01  -4.13721e-01  -1.00000e+00  2.48213e-04  
4.13550e-01  -4.13550e-01  -1.00000e+00  1.71409e-04  
4.13448e-01  1.24034e+00  3.00000e+00  1.02171e-04  
4.13199e-01  -4.13199e-01  -1.00000e+00  2.48215e-04  
4.13028e-01  -4.13028e-01  -1.00000e+00  1.71410e-04  
4.12926e-01  1.23878e+00  3.00000e+00  1.02171e-04  
4.12678e-01  -4.12678e-01  -1.00000e+00  2.48217e-04  
4.12506e-01  -4.12506e-01  -1.00000e+00  1.71411e-04  
4.12404e-01  1.23721e+00  3.00000e+00  1.02171e-04  
4.12156e-01  -4.12156e-01  -1.00000e+00  2.48219e-04  
4.11984e-01  -4.11984e-01  -1.00000e+00  1.71412e-04  
4.11882e-01  1.23565e+00  3.00000e+00  1.02171e-04  
4.11634e-01  -4.11634e-01  -1.00000e+00  2.48222e-04  
4.11463e-01  -4.11463e-01  -1.00000e+00  1.71412e-04  
4.11360e-01  1.23408e+00  3.00000e+00  1.02171e-04  
4.11112e-01  -4.11112e-01  -1.00000e+00  2.48224e-04  
4.10941e-01  -4.10941e-01  -1.00000e+00  1.71413e-04  
4.10839e-01  1.23252e+00  3.00000e+00  1.02171e-04  
4.10590e-01  -4.10590e-01  -1.00000e+00  2.48226e-04  
4.10419e-01  -4.10419e-01  -1.00000e+00  1.71414e-04  
4.10317e-01  1.23095e+00  3.00000e+00  1.02171e-04  
4.10069e-01  -4.10069e-01  -1.00000e+00  2.48228e-04  
4.09897e-01  -4.09897e-01  -1.00000e+00  1.71414e-04  
4.09795e-01  1.22938e+00  3.00000e+00  1.02171e-04  
4.09547e-01  -4.09547e-01  -1.00000e+00  2.48230e-04  
4.09375e-01  -4.09375e-01  -1.00000e+00  1.71415e-04  
4.09273e-01  1.22782e+00  3.00000e+00  1.02171e-04  
4.09025e-01  -4.09025e-01  -1.00000e+00  2.48232e-04  
4.08853e-01  -4.08853e-01  -1.00000e+00  1.71416e-04  
4.08751e-01  1.22625e+00  3.00000e+00  1.02171e-04  
4.08503e-01  -4.08503e-01  -1.00000e+00  2.48234e-04  
4.08332e-01  -4.08332e-01  -1.00000e+00  1.71417e-04  
4.08229e-01  1.22469e+00  3.00000e+00  1.02171e-04  
4.07981e-01  -4.07981e-01  -1.00000e+00  2.48236e-04  
4.07810e-01  -4.07810e-01  -1.00000e+00  1.71417e-04  
4.07708e-01  1.22312e+00  3.00000e+00  1.02171e-04  
4.07459e-01  -4.07459e-01  -1.00000e+00  2.48238e-04  
4.07288e-01  -4.07288e-01  -1.00000e+00  1.71418e-04  
4.07186e-01  1.22156e+00  3.00000e+00  1.02171e-04  
4.06938e-01  -4.06938e-01  -1.00000e+00  2.48240e-04  
4.06766e-01  -4.06766e-01  -1.00000e+00  1.71419e-04  
4.06664e-01  1.21999e+00  3.00000e+00  1.02171e-04  
4.06416e-01  -4.06416e-01  -1.00000e+00  2.48242e-04  
4.06244e-01  -4.06244e-01  -1.00000e+00  1.71419e-04  
4.06142e-01  1.21843e+00  3.00000e+00  1.02171e-04  
4.05894e-01  -4.05894e-01  -1.00000e+00  2.48243e-04  
4.05723e-01  -4.05723e-01  -1.00000e+00  1.71420e-04  
4.05620e-01  1.21686e+00  3.00000e+00  1.02171e-04  
4.05372e-01  -4.05372e-01  -1.00000e+00  2.48245e-04  
4.05201e-01  -4.05201e-01  -1.00000e+00  1.71420e-04  
4.05098e-01  1.21530e+00  3.00000e+00  1.02171e-04  
4.04850e-01  -4.04850e-01  -1.00000e+00  2.48247e-04  
4.04679e-01  -4.04679e-01  -1.00000e+00  1.71421e-04  
4.04577e-01  1.21373e+00  3.00000e+00  1.02171e-04  
4.04328e-01  -4.04328e-01  -1.00000e+00  2.48249e-04  
4.04157e-01  -4.04157e-01  -1.00000e+00  1.71422e-04  
4.04055e-01  1.21216e+00  3.00000e+00  1.02171e-04  
4.03807e-01  -4.03807e-01  -1.00000e+00  2.48251e-04  
4.03635e-01  -4.03635e-01  -1.00000e+00  1.71422e-04  
4.03533e-01  1.21060e+00  3.00000e+00  1.02171e-04  
4.03285e-01  -4.03285e-01  -1.00000e+00  2.48253e-04  
4.03113e-01  -4.03113e-01  -1.00000e+00  1.71423e-04  
4.03011e-01  1.20903e+00  3.00000e+00  1.02171e-04  
4.02763e-01  -4.02763e-01  -1.00000e+00  2.48254e-04  
4.02591e-01  -4.02591e-01  -1.00000e+00  1.71424e-04  
4.02489e-01  1.20747e+00  3.00000e+00  1.02171e-04  
4.02241e-01  -4.02241e-01  -1.00000e+00  2.48256e-04  
4.02070e-01  -4.02070e-01  -1.00000e+00  1.71424e-04  
4.01967e-01  1.20590e+00  3.00000e+00  1.02171e-04  
4.01719e-01  -4.01719e-01  -1.00000e+00  2.48258e-04  
4.01548e-01  -4.01548e-01  -1.00000e+00  1.71425e-04  
4.01446e-01  1.20434e+00  3.00000e+00  1.02171e-04  
4.01197e-01  -4.01197e-01  -1.00000e+00  2.48259e-04  
4.01026e-01  -4.01026e-01  -1.00000e+00  1.71425e-04  
4.00924e-01  1.20277e+00  3.00000e+00  1.02171e-04  
4.00675e-01  -4.00675e-01  -1.00000e+00  2.48261e-04  
4.00504e-01  -4.00504e-01  -1.00000e+00  1.71426e-04  
4.00402e-01  1.20121e+00  3.00000e+00  1.02171e-04  
4.00154e-01  -4.00154e-01  -1.00000e+00  2.48263e-04  
3.99982e-01  -3.99982e-01  -1.00000e+00  1.71426e-04  
3.99880e-01  1.19964e+00  3.00000e+00  1.02171e-04  
3.99632e-01  -3.99632e-01  -1.00000e+00  2.48264e-04  
3.99460e-01  -3.99460e-01  -1.00000e+00  1.71427e-04  
3.99358e-01  1.19807e+00  3.00000e+00  1.02171e-04  
3.99110e-01  -3.99110e-01  -1.00000e+00  2.48266e-04  
3.98938e-01  -3.98938e-01  -1.00000e+00  1.71428e-04  
3.98836e-01  1.19651e+00  3.00000e+00  1.02171e-04  
3.98588e-01  -3.98588e-01  -1.00000e+00  2.48268e-04  
3.98417e-01  -3.98417e-01  -1.00000e+00  1.71428e-04  
3.98314e-01  1.19494e+00  3.00000e+00  1.02171e-04  
3.98066e-01  -3.98066e-01  -1.00000e+00  2.48269e-04  
3.97895e-01  -3.97895e-01  -1.00000e+00  1.71429e-04  
3.97793e-01  1.19338e+00  3.00000e+00  1.02171e-04  
3.97544e-01  -3.97544e-01  -1.00000e+00  2.48271e-04  
3.97373e-01  -3.97373e-01  -1.00000e+00  1.71429e-04  
3.97271e-01  1.19181e+00  3.00000e+00  1.02171e-04  
3.97022e-01  -3.97022e-01  -1.00000e+00  2.48272e-04  
3.96851e-01  -3.96851e-01  -1.00000e+00  1.71430e-04  
3.96749e-01  1.19025e+00  3.00000e+00  1.02171e-04  
3.96501e-01  -3.96501e-01  -1.00000e+00  2.48274e-04  
3.96329e-01  -3.96329e-01  -1.00000e+00  1.71430e-04  
3.96227e-01  1.18868e+00  3.00000e+00  1.02171e-04  
3.95979e-01  -3.95979e-01  -1.00000e+00  2.48275e-04  
3.95807e-01  -3.95807e-01  -1.00000e+00  1.71431e-04  
3.95705e-01  1.18712e+00  3.00000e+00  1.02171e-04  
3.95457e-01  -3.95457e-01  -1.00000e+00  2.48277e-04  
3.95285e-01  -3.95285e-01  -1.00000e+00  1.71431e-04  
3.95183e-01  1.18555e+00  3.00000e+00  1.02171e-04  
3.94935e-01  -3.94935e-01  -1.00000e+00  2.48278e-04  
3.94763e-01  -3.94763e-01  -1.00000e+00  1.71432e-04  
3.94661e-01  1.18398e+00  3.00000e+00  1.02171e-04  
3.94413e-01  -3.94413e-01  -1.00000e+00  2.48280e-04  
3.94242e-01  -3.94242e-01  -1.00000e+00  1.71432e-04  
3.94139e-01  1.18242e+00  3.00000e+00  1.02171e-04  
3.93891e-01  -3.93891e-01  -1.00000e+00  2.48281e-04  
3.93720e-01  -3.93720e-01  -1.00000e+00  1.71433e-04  
3.93618e-01  1.18085e+00  3.00000e+00  1.02171e-04  
3.93369e-01  -3.93369e-01  -1.00000e+00  2.48283e-04  
3.93198e-01  -3.93198e-01  -1.00000e+00  1.71433e-04  
3.93096e-01  1.17929e+00  3.00000e+00  1.02171e-04  
3.92847e-01  -3.92847e-01  -1.00000e+00  2.48284e-04  
3.92676e-01  -3.92676e-01  -1.00000e+00  1.71434e-04  
3.92574e-01  1.17772e+00  3.00000e+00  1.02171e-04  
3.92325e-01  -3.92325e-01  -1.00000e+00  2.48286e-04  
3.92154e-01  -3.92154e-01  -1.00000e+00  1.71434e-04  
3.92052e-01  1.17616e+00  3.00000e+00  1.02171e-04  
3.91804e-01  -3.91804e-01  -1.00000e+00  2.48287e-04  
3.91632e-01  -3.91632e-01  -1.00000e+00  1.71435e-04  
3.91530e-01  1.17459e+00  3.00000e+00  1.02171e-04  
3.91282e-01  -3.91282e-01  -1.00000e+00  2.48288e-04  
3.91110e-01  -3.91110e-01  -1.00000e+00  1.71435e-04  
3.91008e-01  1.17302e+00  3.00000e+00  1.02171e-04  
3.90760e-01  -3.90760e-01  -1.00000e+00  2.48290e-04  
3.90588e-01  -3.90588e-01  -1.00000e+00  1.71436e-04  
3.90486e-01  1.17146e+00  3.00000e+00  1.02171e-04  
3.90238e-01  -3.90238e-01  -1.00000e+00  2.48291e-04  
3.90066e-01  -3.90066e-01  -1.00000e+00  1.71436e-04  
3.89964e-01  1.16989e+00  3.00000e+00  1.02171e-04  
3.89716e-01  -3.89716e-01  -1.00000e+00  2.48292e-04  
3.89545e-01  -3.89545e-01  -1.00000e+00  1.71437e-04  
3.89442e-01  1.16833e+00  3.00000e+00  1.02171e-04  
3.89194e-01  -3.89194e-01  -1.00000e+00  2.48294e-04  
3.89023e-01  -3.89023e-01  -1.00000e+00  1.71437e-04  
3.88920e-01  1.16676e+00  3.00000e+00  1.02171e-04  
3.88672e-01  -3.88672e-01  -1.00000e+00  2.48295e-04  
3.88501e-01  -3.88501e-01  -1.00000e+00  1.71438e-04  
3.88399e-01  1.16520e+00  3.00000e+00  1.02171e-04  
3.88150e-01  -3.88150e-01  -1.00000e+00  2.48296e-04  
3.87979e-01  -3.87979e-01  -1.00000e+00  1.71438e-04  
3.87877e-01  1.16363e+00  3.00000e+00  1.02171e-04  
3.87628e-01  -3.87628e-01  -1.00000e+00  2.48298e-04  
3.87457e-01  -3.87457e-01  -1.00000e+00  1.71438e-04  
3.87355e-01  1.16206e+00  3.00000e+00  1.02171e-04  
3.87106e-01  -3.87106e-01  -1.00000e+00  2.48299e-04  
3.86935e-01  -3.86935e-01  -1.00000e+00  1.71439e-04  
3.86833e-01  1.16050e+00  3.00000e+00  1.02171e-04  
3.86585e-01  -3.86585e-01  -1.00000e+00  2.48300e-04  
3.86413e-01  -3.86413e-01  -1.00000e+00  1.71439e-04  
3.86311e-01  1.15893e+00  3.00000e+00  1.02171e-04  
3.86063e-01  -3.86063e-01  -1.00000e+00  2.48302e-04  
3.85891e-01  -3.85891e-01  -1.00000e+00  1.71440e-04  
3.85789e-01  1.15737e+00  3.00000e+00  1.02171e-04  
3.85541e-01  -3.85541e-01  -1.00000e+00  2.48303e-04  
3.85369e-01  -3.85369e-01  -1.00000e+00  1.71440e-04  
3.85267e-01  1.15580e+00  3.00000e+00  1.02171e-04  
3.85019e-01  -3.85019e-01  -1.00000e+00  2.48304e-04  
3.84847e-01  -3.84847e-01  -1.00000e+00  1.71441e-04  
3.84745e-01  1.15424e+00  3.00000e+00  1.02171e-04  
3.84497e-01  -3.84497e-01  -1.00000e+00  2.48305e-04  
3.84325e-01  -3.84325e-01  -1.00000e+00  1.71441e-04  
3.84223e-01  1.15267e+00  3.00000e+00  1.02171e-04  
3.83975e-01  -3.83975e-01  -1.00000e+00  2.48306e-04  
3.83804e-01  -3.83804e-01  -1.00000e+00  1.71441e-04  
3.83701e-01  1.15110e+00  3.00000e+00  1.02171e-04  
3.83453e-01  -3.83453e-01  -1.00000e+00  2.48308e-04  
3.83282e-01  -3.83282e-01  -1.00000e+00  1.71442e-04  
3.83179e-01  1.14954e+00  3.00000e+00  1.02171e-04  
3.82931e-01  -3.82931e-01  -1.00000e+00  2.48309e-04  
3.82760e-01  -3.82760e-01  -1.00000e+00  1.71442e-04  
3.82657e-01  1.14797e+00  3.00000e+00  1.02171e-04  
3.82409e-01  -3.82409e-01  -1.00000e+00  2.48310e-04  
3.82238e-01  -3.82238e-01  -1.00000e+00  1.71443e-04  
3.82136e-01  1.14641e+00  3.00000e+00  1.02171e-04  
3.81887e-01  -3.81887e-01  -1.00000e+00  2.48311e-04  
3.81716e-01  -3.81716e-01  -1.00000e+00  1.71443e-04  
3.81614e-01  1.14484e+00  3.00000e+00  1.02171e-04  
3.81365e-01  -3.81365e-01  -1.00000e+00  2.48312e-04  
3.81194e-01  -3.81194e-01  -1.00000e+00  1.71444e-04  
3.81092e-01  1.14328e+00  3.00000e+00  1.02171e-04  
3.80843e-01  -3.80843e-01  -1.00000e+00  2.48313e-04  
3.80672e-01  -3.80672e-01  -1.00000e+00  1.71444e-04  
3.80570e-01  1.14171e+00  3.00000e+00  1.02171e-04  
3.80321e-01  -3.80321e-01  -1.00000e+00  2.48315e-04  
3.80150e-01  -3.80150e-01  -1.00000e+00  1.71444e-04  
3.80048e-01  1.14014e+00  3.00000e+00  1.02171e-04  
3.79800e-01  -3.79800e-01  -1.00000e+00  2.48316e-04  
3.79628e-01  -3.79628e-01  -1.00000e+00  1.71445e-04  
3.79526e-01  1.13858e+00  3.00000e+00  1.02171e-04  
3.79278e-01  -3.79278e-01  -1.00000e+00  2.48317e-04  
3.79106e-01  -3.79106e-01  -1.00000e+00  1.71445e-04  
3.79004e-01  1.13701e+00  3.00000e+00  1.02171e-04  
3.78756e-01  -3.78756e-01  -1.00000e+00  2.48318e-04  
3.78584e-01  -3.78584e-01  -1.00000e+00  1.71445e-04  
3.78482e-01  1.13545e+00  3.00000e+00  1.02171e-04  
3.78234e-01  -3.78234e-01  -1.00000e+00  2.48319e-04  
3.78062e-01  -3.78062e-01  -1.00000e+00  1.71446e-04  
3.77960e-01  1.13388e+00  3.00000e+00  1.02171e-04  
3.77712e-01  -3.77712e-01  -1.00000e+00  2.48320e-04  
3.77540e-01  -3.77540e-01  -1.00000e+00  1.71446e-04  
3.77438e-01  1.13231e+00  3.00000e+00  1.02171e-04  
3.77190e-01  -3.77190e-01  -1.00000e+00  2.48321e-04  
3.77018e-01  -3.77018e-01  -1.00000e+00  1.71447e-04  
3.76916e-01  1.13075e+00  3.00000e+00  1.02171e-04  
3.76668e-01  -3.76668e-01  -1.00000e+00  2.48322e-04  
3.76496e-01  -3.76496e-01  -1.00000e+00  1.71447e-04  
3.76394e-01  1.12918e+00  3.00000e+00  1.02171e-04  
3.76146e-01  -3.76146e-01  -1.00000e+00  2.48323e-04  
3.75975e-01  -3.75975e-01  -1.00000e+00  1.71447e-04  
3.75872e-01  1.12762e+00  3.00000e+00  1.02171e-04  
3.75624e-01  -3.75624e-01  -1.00000e+00  2.48324e-04  
3.75453e-01  -3.75453e-01  -1.00000e+00  1.71448e-04  
3.75350e-01  1.12605e+00  3.00000e+00  1.02171e-04  
3.75102e-01  -3.75102e-01  -1.00000e+00  2.48325e-04  
3.74931e-01  -3.74931e-01  -1.00000e+00  1.71448e-04  
3.74828e-01  1.12449e+00  3.00000e+00  1.02171e-04  
3.74580e-01  -3.74580e-01  -1.00000e+00  2.48326e-04  
3.74409e-01  -3.74409e-01  -1.00000e+00  1.71448e-04  
3.74307e-01  1.12292e+00  3.00000e+00  1.02171e-04  
3.74058e-01  -3.74058e-01  -1.00000e+00  2.48327e-04  
3.73887e-01  -3.73887e-01  -1.00000e+00  1.71449e-04  
3.73785e-01  1.12135e+00  3.00000e+00  1.02171e-04  
3.73536e-01  -3.73536e-01  -1.00000e+00  2.48328e-04  
3.73365e-01  -3.73365e-01  -1.00000e+00  1.71449e-04  
3.73263e-01  1.11979e+00  3.00000e+00  1.02171e-04  
3.73014e-01  -3.73014e-01  -1.00000e+00  2.48329e-04  
3.72843e-01  -3.72843e-01  -1.00000e+00  1.71449e-04  
3.72741e-01  1.11822e+00  3.00000e+00  1.02171e-04  
3.72492e-01  -3.72492e-01  -1.00000e+00  2.48330e-04  
3.72321e-01  -3.72321e-01  -1.00000e+00  1.71450e-04  
3.72219e-01  1.11666e+00  3.00000e+00  1.02171e-04  
3.71970e-01  -3.71970e-01  -1.00000e+00  2.48331e-04  
3.71799e-01  -3.71799e-01  -1.00000e+00  1.71450e-04  
3.71697e-01  1.11509e+00  3.00000e+00  1.02171e-04  
3.71448e-01  -3.71448e-01  -1.00000e+00  2.48332e-04  
3.71277e-01  -3.71277e-01  -1.00000e+00  1.71450e-04  
3.71175e-01  1.11352e+00  3.00000e+00  1.02171e-04  
3.70926e-01  -3.70926e-01  -1.00000e+00  2.48333e-04  
3.70755e-01  -3.70755e-01  -1.00000e+00  1.71451e-04  
3.70653e-01  1.11196e+00  3.00000e+00  1.02171e-04  
3.70405e-01  -3.70405e-01  -1.00000e+00  2.48334e-04  
3.70233e-01  -3.70233e-01  -1.00000e+00  1.71451e-04  
3.70131e-01  1.11039e+00  3.00000e+00  1.02171e-04  
3.69883e-01  -3.69883e-01  -1.00000e+00  2.48335e-04  
3.69711e-01  -3.69711e-01  -1.00000e+00  1.71451e-04  
3.69609e-01  1.10883e+00  3.00000e+00  1.02171e-04  
3.69361e-01  -3.69361e-01  -1.00000e+00  2.48336e-04  
3.69189e-01  -3.69189e-01  -1.00000e+00  1.71452e-04  
3.69087e-01  1.10726e+00  3.00000e+00  1.02171e-04  
3.68839e-01  -3.68839e-01  -1.00000e+00  2.48337e-04  
3.68667e-01  -3.68667e-01  -1.00000e+00  1.71452e-04  
3.68565e-01  1.10570e+00  3.00000e+00  1.02171e-04  
3.68317e-01  -3.68317e-01  -1.00000e+00  2.48338e-04  
3.68145e-01  -3.68145e-01  -1.00000e+00  1.71452e-04  
3.68043e-01  1.10413e+00  3.00000e+00  1.02171e-04  
3.67795e-01  -3.67795e-01  -1.00000e+00  2.48339e-04  
3.67623e-01  -3.67623e-01  -1.00000e+00  1.71453e-04  
3.67521e-01  1.10256e+00  3.00000e+00  1.02171e-04  
3.67273e-01  -3.67273e-01  -1.00000e+00  2.48340e-04  
3.67101e-01  -3.67101e-01  -1.00000e+00  1.71453e-04  
3.66999e-01  1.10100e+00  3.00000e+00  1.02171e-04  
3.66751e-01  -3.66751e-01  -1.00000e+00  2.48341e-04  
3.66579e-01  -3.66579e-01  -1.00000e+00  1.71453e-04  
3.66477e-01  1.09943e+00  3.00000e+00  1.02171e-04  
3.66229e-01  -3.66229e-01  -1.00000e+00  2.48342e-04  
3.66057e-01  -3.66057e-01  -1.00000e+00  1.71454e-04  
3.65955e-01  1.09787e+00  3.00000e+00  1.02171e-04  
3.65707e-01  -3.65707e-01  -1.00000e+00  2.48343e-04  
3.65535e-01  -3.65535e-01  -1.00000e+00  1.71454e-04  
3.65433e-01  1.09630e+00  3.00000e+00  1.02171e-04  
3.65185e-01  -3.65185e-01  -1.00000e+00  2.48343e-04  
3.65013e-01  -3.65013e-01  -1.00000e+00  1.71454e-04  
3.64911e-01  1.09473e+00  3.00000e+00  1.02171e-04  
3.64663e-01  -3.64663e-01  -1.00000e+00  2.48344e-04  
3.64491e-01  -3.64491e-01  -1.00000e+00  1.71455e-04  
3.64389e-01  1.09317e+00  3.00000e+00  1.02171e-04  
3.64141e-01  -3.64141e-01  -1.00000e+00  2.48345e-04  
3.63969e-01  -3.63969e-01  -1.00000e+00  1.71455e-04  
3.63867e-01  1.09160e+00  3.00000e+00  1.02171e-04  
3.63619e-01  -3.63619e-01  -1.00000e+00  2.48346e-04  
3.63448e-01  -3.63448e-01  -1.00000e+00  1.71455e-04  
3.63345e-01  1.09004e+00  3.00000e+00  1.02171e-04  
3.63097e-01  -3.63097e-01  -1.00000e+00  2.48347e-04  
3.62926e-01  -3.62926e-01  -1.00000e+00  1.71455e-04  
3.62823e-01  1.08847e+00  3.00000e+00  1.02171e-04  
3.62575e-01  -3.62575e-01  -1.00000e+00  2.48348e-04  
3.62404e-01  -3.62404e-01  -1.00000e+00  1.71456e-04  
3.62301e-01  1.08690e+00  3.00000e+00  1.02171e-04  
3.62053e-01  -3.62053e-01  -1.00000e+00  2.48349e-04  
3.61882e-01  -3.61882e-01  -1.00000e+00  1.71456e-04  
3.61779e-01  1.08534e+00  3.00000e+00  1.02171e-04  
3.61531e-01  -3.61531e-01  -1.00000e+00  2.48349e-04  
3.61360e-01  -3.61360e-01  -1.00000e+00  1.71456e-04  
3.61257e-01  1.08377e+00  3.00000e+00  1.02171e-04  
3.61009e-01  -3.61009e-01  -1.00000e+00  2.48350e-04  
3.60838e-01  -3.60838e-01  -1.00000e+00  1.71457e-04  
3.60735e-01  1.08221e+00  3.00000e+00  1.02171e-04  
3.60487e-01  -3.60487e-01  -1.00000e+00  2.48351e-04  
3.60316e-01  -3.60316e-01  -1.00000e+00  1.71457e-04  
3.60213e-01  1.08064e+00  3.00000e+00  1.02171e-04  
3.59965e-01  -3.59965e-01  -1.00000e+00  2.48352e-04  
3.59794e-01  -3.59794e-01  -1.00000e+00  1.71457e-04  
3.59692e-01  1.07907e+00  3.00000e+00  1.02171e-04  
3.59443e-01  -3.59443e-01  -1.00000e+00  2.48353e-04  
3.59272e-01  -3.59272e-01  -1.00000e+00  1.71457e-04  
3.59170e-01  1.07751e+00  3.00000e+00  1.02171e-04  
3.58921e-01  -3.58921e-01  -1.00000e+00  2.48354e-04  
3.58750e-01  -3.58750e-01  -1.00000e+00  1.71458e-04  
3.58648e-01  1.07594e+00  3.00000e+00  1.02171e-04  
3.58399e-01  -3.58399e-01  -1.00000e+00  2.48354e-04  
3.58228e-01  -3.58228e-01  -1.00000e+00  1.71458e-04  
3.58126e-01  1.07438e+00  3.00000e+00  1.02171e-04  
3.57877e-01  -3.57877e-01  -1.00000e+00  2.48355e-04  
3.57706e-01  -3.57706e-01  -1.00000e+00  1.71458e-04  
3.57604e-01  1.07281e+00  3.00000e+00  1.02171e-04  
3.57355e-01  -3.57355e-01  -1.00000e+00  2.48356e-04  
3.57184e-01  -3.57184e-01  -1.00000e+00  1.71459e-04  
3.57082e-01  1.07124e+00  3.00000e+00  1.02171e-04  
3.56833e-01  -3.56833e-01  -1.00000e+00  2.48357e-04  
3.56662e-01  -3.56662e-01  -1.00000e+00  1.71459e-04  
3.56560e-01  1.06968e+00  3.00000e+00  1.02171e-04  
3.56311e-01  -3.56311e-01  -1.00000e+00  2.48357e-04  
3.56140e-01  -3.56140e-01  -1.00000e+00  1.71459e-04  
3.56038e-01  1.06811e+00  3.00000e+00  1.02171e-04  
3.55789e-01  -3.55789e-01  -1.00000e+00  2.48358e-04  
3.55618e-01  -3.55618e-01  -1.00000e+00  1.71459e-04  
3.55516e-01  1.06655e+00  3.00000e+00  1.02171e-04  
3.55267e-01  -3.55267e-01  -1.00000e+00  2.48359e-04  
3.55096e-01  -3.55096e-01  -1.00000e+00  1.71460e-04  
3.54994e-01  1.06498e+00  3.00000e+00  1.02171e-04  
3.54745e-01  -3.54745e-01  -1.00000e+00  2.48360e-04  
3.54574e-01  -3.54574e-01  -1.00000e+00  1.71460e-04  
3.54472e-01  1.06341e+00  3.00000e+00  1.02171e-04  
3.54223e-01  -3.54223e-01  -1.00000e+00  2.48360e-04  
3.54052e-01  -3.54052e-01  -1.00000e+00  1.71460e-04  
3.53950e-01  1.06185e+00  3.00000e+00  1.02171e-04  
3.53701e-01  -3.53701e-01  -1.00000e+00  2.48361e-04  
3.53530e-01  -3.53530e-01  -1.00000e+00  1.71460e-04  
3.53428e-01  1.06028e+00  3.00000e+00  1.02171e-04  
3.53179e-01  -3.53179e-01  -1.00000e+00  2.48362e-04  
3.53008e-01  -3.53008e-01  -1.00000e+00  1.71461e-04  
3.52906e-01  1.05872e+00  3.00000e+00  1.02171e-04  
3.52657e-01  -3.52657e-01  -1.00000e+00  2.48363e-04  
3.52486e-01  -3.52486e-01  -1.00000e+00  1.71461e-04  
3.52384e-01  1.05715e+00  3.00000e+00  1.02171e-04  
3.52135e-01  -3.52135e-01  -1.00000e+00  2.48363e-04  
3.51964e-01  -3.51964e-01  -1.00000e+00  1.71461e-04  
3.51862e-01  1.05559e+00  3.00000e+00  1.02171e-04  
3.51613e-01  -3.51613e-01  -1.00000e+00  2.48364e-04  
3.51442e-01  -3.51442e-01  -1.00000e+00  1.71461e-04  
3.51340e-01  1.05402e+00  3.00000e+00  1.02171e-04  
3.51091e-01  -3.51091e-01  -1.00000e+00  2.48365e-04  
3.50920e-01  -3.50920e-01  -1.00000e+00  1.71462e-04  
3.50818e-01  1.05245e+00  3.00000e+00  1.02171e-04  
3.50569e-01  -3.50569e-01  -1.00000e+00  2.48366e-04  
3.50398e-01  -3.50398e-01  -1.00000e+00  1.71462e-04  
3.50296e-01  1.05089e+00  3.00000e+00  1.02171e-04  
3.50047e-01  -3.50047e-01  -1.00000e+00  2.48366e-04  
3.49876e-01  -3.49876e-01  -1.00000e+00  1.71462e-04  
3.49774e-01  1.04932e+00  3.00000e+00  1.02171e-04  
3.49525e-01  -3.49525e-01  -1.00000e+00  2.48367e-04  
3.49354e-01  -3.49354e-01  -1.00000e+00  1.71462e-04  
3.49252e-01  1.04776e+00  3.00000e+00  1.02171e-04  
3.49003e-01  -3.49003e-01  -1.00000e+00  2.48368e-04  
3.48832e-01  -3.48832e-01  -1.00000e+00  1.71463e-04  
3.48730e-01  1.04619e+00  3.00000e+00  1.02171e-04  
3.48481e-01  -3.48481e-01  -1.00000e+00  2.48368e-04  
3.48310e-01  -3.48310e-01  -1.00000e+00  1.71463e-04  
3.48208e-01  1.04462e+00  3.00000e+00  1.02171e-04  
3.47959e-01  -3.47959e-01  -1.00000e+00  2.48369e-04  
3.47788e-01  -3.47788e-01  -1.00000e+00  1.71463e-04  
3.47686e-01  1.04306e+00  3.00000e+00  1.02171e-04  
3.47437e-01  -3.47437e-01  -1.00000e+00  2.48370e-04  
3.47266e-01  -3.47266e-01  -1.00000e+00  1.71463e-04  
3.47164e-01  1.04149e+00  3.00000e+00  1.02171e-04  
3.46915e-01  -3.46915e-01  -1.00000e+00  2.48370e-04  
3.46744e-01  -3.46744e-01  -1.00000e+00  1.71464e-04  
3.46642e-01  1.03993e+00  3.00000e+00  1.02171e-04  
3.46393e-01  -3.46393e-01  -1.00000e+00  2.48371e-04  
3.46222e-01  -3.46222e-01  -1.00000e+00  1.71464e-04  
3.46120e-01  1.03836e+00  3.00000e+00  1.02171e-04  
3.45871e-01  -3.45871e-01  -1.00000e+00  2.48372e-04  
3.45700e-01  -3.45700e-01  -1.00000e+00  1.71464e-04  
3.45598e-01  1.03679e+00  3.00000e+00  1.02171e-04  
3.45349e-01  -3.45349e-01  -1.00000e+00  2.48372e-04  
3.45178e-01  -3.45178e-01  -1.00000e+00  1.71464e-04  
3.45076e-01  1.03523e+00  3.00000e+00  1.02171e-04  
3.44827e-01  -3.44827e-01  -1.00000e+00  2.48373e-04  
3.44656e-01  -3.44656e-01  -1.00000e+00  1.71464e-04  
3.44554e-01  1.03366e+00  3.00000e+00  1.02171e-04  
3.44305e-01  -3.44305e-01  -1.00000e+00  2.48374e-04  
3.44134e-01  -3.44134e-01  -1.00000e+00  1.71465e-04  
3.44032e-01  1.03209e+00  3.00000e+00  1.02171e-04  
3.43783e-01  -3.43783e-01  -1.00000e+00  2.48374e-04  
3.43612e-01  -3.43612e-01  -1.00000e+00  1.71465e-04  
3.43510e-01  1.03053e+00  3.00000e+00  1.02171e-04  
3.43261e-01  -3.43261e-01  -1.00000e+00  2.48375e-04  
3.43090e-01  -3.43090e-01  -1.00000e+00  1.71465e-04  
3.42988e-01  1.02896e+00  3.00000e+00  1.02171e-04  
3.42739e-01  -3.42739e-01  -1.00000e+00  2.48376e-04  
3.42568e-01  -3.42568e-01  -1.00000e+00  1.71465e-04  
3.42466e-01  1.02740e+00  3.00000e+00  1.02171e-04  
3.42217e-01  -3.42217e-01  -1.00000e+00  2.48376e-04  
3.42046e-01  -3.42046e-01  -1.00000e+00  1.71466e-04  
3.41944e-01  1.02583e+00  3.00000e+00  1.02171e-04  
3.41695e-01  -3.41695e-01  -1.00000e+00  2.48377e-04  
3.41524e-01  -3.41524e-01  -1.00000e+00  1.71466e-04  
3.41422e-01  1.02426e+00  3.00000e+00  1.02171e-04  
3.41173e-01  -3.41173e-01  -1.00000e+00  2.48377e-04  
3.41002e-01  -3.41002e-01  -1.00000e+00  1.71466e-04  
3.40900e-01  1.02270e+00  3.00000e+00  1.02171e-04  
3.40651e-01  -3.40651e-01  -1.00000e+00  2.48378e-04  
3.40480e-01  -3.40480e-01  -1.00000e+00  1.71466e-04  
3.40378e-01  1.02113e+00  3.00000e+00  1.02171e-04  
3.40129e-01  -3.40129e-01  -1.00000e+00  2.48379e-04  
3.39958e-01  -3.39958e-01  -1.00000e+00  1.71466e-04  
3.39856e-01  1.01957e+00  3.00000e+00  1.02171e-04  
3.39607e-01  -3.39607e-01  -1.00000e+00  2.48379e-04  
3.39436e-01  -3.39436e-01  -1.00000e+00  1.71467e-04  
3.39334e-01  1.01800e+00  3.00000e+00  1.02171e-04  
3.39085e-01  -3.39085e-01  -1.00000e+00  2.48380e-04  
3.38914e-01  -3.38914e-01  -1.00000e+00  1.71467e-04  
3.38811e-01  1.01643e+00  3.00000e+00  1.02171e-04  
3.38563e-01  -3.38563e-01  -1.00000e+00  2.48380e-04  
3.38392e-01  -3.38392e-01  -1.00000e+00  1.71467e-04  
3.38289e-01  1.01487e+00  3.00000e+00  1.02171e-04  
3.38041e-01  -3.38041e-01  -1.00000e+00  2.48381e-04  
3.37870e-01  -3.37870e-01  -1.00000e+00  1.71467e-04  
3.37767e-01  1.01330e+00  3.00000e+00  1.02171e-04  
3.37519e-01  -3.37519e-01  -1.00000e+00  2.48382e-04  
3.37348e-01  -3.37348e-01  -1.00000e+00  1.71467e-04  
3.37245e-01  1.01174e+00  3.00000e+00  1.02171e-04  
3.36997e-01  -3.36997e-01  -1.00000e+00  2.48382e-04  
3.36826e-01  -3.36826e-01  -1.00000e+00  1.71468e-04  
3.36723e-01  1.01017e+00  3.00000e+00  1.02171e-04  
3.36475e-01  -3.36475e-01  -1.00000e+00  2.48383e-04  
3.36304e-01  -3.36304e-01  -1.00000e+00  1.71468e-04  
3.36201e-01  1.00860e+00  3.00000e+00  1.02171e-04  
3.35953e-01  -3.35953e-01  -1.00000e+00  2.48383e-04  
3.35782e-01  -3.35782e-01  -1.00000e+00  1.71468e-04  
3.35679e-01  1.00704e+00  3.00000e+00  1.02171e-04  
3.35431e-01  -3.35431e-01  -1.00000e+00  2.48384e-04  
3.35260e-01  -3.35260e-01  -1.00000e+00  1.71468e-04  
3.35157e-01  1.00547e+00  3.00000e+00  1.02171e-04  
3.34909e-01  -3.34909e-01  -1.00000e+00  2.48385e-04  
3.34737e-01  -3.34737e-01  -1.00000e+00  1.71468e-04  
3.34635e-01  1.00391e+00  3.00000e+00  1.02171e-04  
3.34387e-01  -3.34387e-01  -1.00000e+00  2.48385e-04  
3.34215e-01  -3.34215e-01  -1.00000e+00  1.71469e-04  
3.34113e-01  1.00234e+00  3.00000e+00  1.02171e-04  
3.33865e-01  -3.33865e-01  -1.00000e+00  2.48386e-04  
3.33693e-01  -3.33693e-01  -1.00000e+00  1.71469e-04  
3.33591e-01  1.00077e+00  3.00000e+00  1.02171e-04  
3.33343e-01  -3.33343e-01  -1.00000e+00  2.48386e-04  
3.33171e-01  -3.33171e-01  -1.00000e+00  1.71469e-04  
3.33069e-01  9.99208e-01  3.00000e+00  1.02171e-04  
3.32821e-01  -3.32821e-01  -1.00000e+00  2.48387e-04  
3.32649e-01  -3.32649e-01  -1.00000e+00  1.71469e-04  
3.32547e-01  9.97642e-01  3.00000e+00  1.02171e-04  
3.32299e-01  -3.32299e-01  -1.00000e+00  2.48387e-04  
3.32127e-01  -3.32127e-01  -1.00000e+00  1.71469e-04  
3.32025e-01  9.96076e-01  3.00000e+00  1.02171e-04  
3.31777e-01  -3.31777e-01  -1.00000e+00  2.48388e-04  
3.31605e-01  -3.31605e-01  -1.00000e+00  1.71470e-04  
3.31503e-01  9.94509e-01  3.00000e+00  1.02171e-04  
3.31255e-01  -3.31255e-01  -1.00000e+00  2.48388e-04  
3.31083e-01  -3.31083e-01  -1.00000e+00  1.71470e-04  
3.30981e-01  9.92943e-01  3.00000e+00  1.02171e-04  
3.30733e-01  -3.30733e-01  -1.00000e+00  2.48389e-04  
3.30561e-01  -3.30561e-01  -1.00000e+00  1.71470e-04  
3.30459e-01  9.91377e-01  3.00000e+00  1.02171e-04  
3.30211e-01  -3.30211e-01  -1.00000e+00  2.48390e-04  
3.30039e-01  -3.30039e-01  -1.00000e+00  1.71470e-04  
3.29937e-01  9.89811e-01  3.00000e+00  1.02171e-04  
3.29689e-01  -3.29689e-01  -1.00000e+00  2.48390e-04  
3.29517e-01  -3.29517e-01  -1.00000e+00  1.71470e-04  
3.29415e-01  9.88245e-01  3.00000e+00  1.02171e-04  
3.29167e-01  -3.29167e-01  -1.00000e+00  2.48391e-04  
3.28995e-01  -3.28995e-01  -1.00000e+00  1.71470e-04  
3.28893e-01  9.86679e-01  3.00000e+00  1.02171e-04  
3.28645e-01  -3.28645e-01  -1.00000e+00  2.48391e-04  
3.28473e-01  -3.28473e-01  -1.00000e+00  1.71471e-04  
3.28371e-01  9.85113e-01  3.00000e+00  1.02171e-04  
3.28123e-01  -3.28123e-01  -1.00000e+00  2.48392e-04  
3.27951e-01  -3.27951e-01  -1.00000e+00  1.71471e-04  
3.27849e-01  9.83547e-01  3.00000e+00  1.02171e-04  
3.27601e-01  -3.27601e-01  -1.00000e+00  2.48392e-04  
3.27429e-01  -3.27429e-01  -1.00000e+00  1.71471e-04  
3.27327e-01  9.81981e-01  3.00000e+00  1.02171e-04  
3.27079e-01  -3.27079e-01  -1.00000e+00  2.48393e-04  
3.26907e-01  -3.26907e-01  -1.00000e+00  1.71471e-04  
3.26805e-01  9.80415e-01  3.00000e+00  1.02171e-04  
3.26556e-01  -3.26556e-01  -1.00000e+00  2.48393e-04  
3.26385e-01  -3.26385e-01  -1.00000e+00  1.71471e-04  
3.26283e-01  9.78849e-01  3.00000e+00  1.02171e-04  
3.26034e-01  -3.26034e-01  -1.00000e+00  2.48394e-04  
3.25863e-01  -3.25863e-01  -1.00000e+00  1.71472e-04  
3.25761e-01  9.77282e-01  3.00000e+00  1.02171e-04  
3.25512e-01  -3.25512e-01  -1.00000e+00  2.48394e-04  
3.25341e-01  -3.25341e-01  -1.00000e+00  1.71472e-04  
3.25239e-01  9.75716e-01  3.00000e+00  1.02171e-04  
3.24990e-01  -3.24990e-01  -1.00000e+00  2.48395e-04  
3.24819e-01  -3.24819e-01  -1.00000e+00  1.71472e-04  
3.24717e-01  9.74150e-01  3.00000e+00  1.02171e-04  
3.24468e-01  -3.24468e-01  -1.00000e+00  2.48395e-04  
